EXINN
856743393437
672153099464
446788397106
349923318025
609840235561
833499141150
927132336720
680975339337
828992151337
241927952919
574920782820
211711790631
171906635496
607253990527
070204698902
508603151400
806854333311
424485541918
606899144679
882052077240
813362362502
976929307679
529420304854
456066920806
721455275683
103216966116
913373798822
239184577830
628692272021
830770449910
153597365730
148871522238
051420349101
083926132321
403353236720
093261998530
039194177803
428142357300
159116003114
955701802174
077503294940
895777716506
043704375790
424020218101
674052487231
749357212555
316076527201
893164486070
945597194227
828035916121
847396860968
751412986018
731424156354
402002191161
971795253451
051893895957
646343032804
963084789517
956599591309
807529561530
457510859331
286937144062
547744768968
668234104100
720327701380
176845341985
200797862654
850374618727
143599011699
706394589774
431692404477
699934417187
534323853704
881610277858
472505044577
960412766090
587973517175
672243428515
860513274222
039042332204
237695910501
789487314666
005690599323
713009655500
212424751422
076566219990
422251651132
055816455099
252944908795
211575081182
480398460815
355842488444
021308844033
292885223680
328023714751
734207907464
215223826384
377799900714
713811101402
335228886400
419433694592
225201483919
330222978180
735839382372
935187798081
387918800919
545707440251
619865771994
973053677584
897003616103
055203591166
823121559107
826326233006
997289054894
536932356366
136374590982
910186584247
088441942762
120413635400
728088605416
164757085228
742172499013
150459619946
416677701545
672081055715
988880066571
078541378857
253487798212
849809496033
873191262341
636671393797
198112333122
868281536712
179399261483
227639374931
738197359855
445237202140
179704210907
594670637121
075767867879
048896995201
448546439167
770971829440
914161688770
529581813771
160010354698
134755898557
529814849580
579896383595
417117354192
278336016360
748073189004
555951598146
068485674540
489622077600
685187906407
573849000646
971525631670
152162226680
773457687600
434775329596
709431373500
637448184662
772438113118
737174806960
826490588338
536629005938
037196650563
066464073135
424444711529
486149267957
073447423246
058572355663
665042064338
061963676436
740345389777
374093945644
145816341002
624316591500
463098970159
889078922916
772949385175
479294002994
427357701960
929596919933
458733784152
214977656100
486463779186
204093378317
227076324800
828895577627
190013642502
285536945419
704062941879
017337210205
014160419080
699991243770
168838594492
127217588594
224965364572

